P_INFLUENCE_FACTOR_OF_POWERPILL default: 0.95
Anova P value 0.6413612931231925
Set 0.95 as the best parameter value.

//////////////////////////////////////////////////

0.8
Average score: 4705.8
Standard deviation: 1973.4979718504794
Run0: 2270.0
Run1: 2500.0
Run2: 5080.0
Run3: 6390.0
Run4: 3490.0
Run5: 5510.0
Run6: 3190.0
Run7: 6970.0
Run8: 3740.0
Run9: 3880.0
Run10: 6360.0
Run11: 3900.0
Run12: 3630.0
Run13: 5360.0
Run14: 1630.0
Run15: 4100.0
Run16: 8790.0
Run17: 2550.0
Run18: 4700.0
Run19: 5760.0
Run20: 7470.0
Run21: 3550.0
Run22: 3340.0
Run23: 2870.0
Run24: 8550.0
Run25: 5380.0
Run26: 7890.0
Run27: 2930.0
Run28: 5090.0
Run29: 4640.0
Run30: 3760.0
Run31: 8770.0
Run32: 4590.0
Run33: 5090.0
Run34: 2640.0
Run35: 3050.0
Run36: 9460.0
Run37: 8130.0
Run38: 6670.0
Run39: 4350.0
Run40: 3920.0
Run41: 1740.0
Run42: 4490.0
Run43: 3310.0
Run44: 4870.0
Run45: 4710.0
Run46: 2440.0
Run47: 2570.0
Run48: 3680.0
Run49: 5540.0
-----------------------------------------------
0.85
Average score: 4639.6
Standard deviation: 2032.5513875071254
Run0: 5470.0
Run1: 4980.0
Run2: 3900.0
Run3: 7430.0
Run4: 5570.0
Run5: 5720.0
Run6: 3840.0
Run7: 5590.0
Run8: 4160.0
Run9: 3040.0
Run10: 2150.0
Run11: 3440.0
Run12: 8780.0
Run13: 4030.0
Run14: 7080.0
Run15: 7470.0
Run16: 2900.0
Run17: 5080.0
Run18: 1680.0
Run19: 3760.0
Run20: 2110.0
Run21: 2840.0
Run22: 6140.0
Run23: 1780.0
Run24: 12500.0
Run25: 5920.0
Run26: 3450.0
Run27: 3510.0
Run28: 7520.0
Run29: 4940.0
Run30: 3190.0
Run31: 3470.0
Run32: 5260.0
Run33: 2190.0
Run34: 5140.0
Run35: 1800.0
Run36: 5300.0
Run37: 5020.0
Run38: 4950.0
Run39: 3780.0
Run40: 6080.0
Run41: 4630.0
Run42: 6370.0
Run43: 5090.0
Run44: 3910.0
Run45: 3380.0
Run46: 6680.0
Run47: 2110.0
Run48: 3420.0
Run49: 3430.0
-----------------------------------------------
0.9
Average score: 5015.4
Standard deviation: 2038.0645180150295
Run0: 2060.0
Run1: 3240.0
Run2: 9700.0
Run3: 4210.0
Run4: 5930.0
Run5: 4320.0
Run6: 7320.0
Run7: 2590.0
Run8: 4510.0
Run9: 3680.0
Run10: 4970.0
Run11: 6230.0
Run12: 5840.0
Run13: 7550.0
Run14: 9470.0
Run15: 7170.0
Run16: 9340.0
Run17: 6560.0
Run18: 4690.0
Run19: 7860.0
Run20: 2780.0
Run21: 4410.0
Run22: 4380.0
Run23: 4790.0
Run24: 2860.0
Run25: 3760.0
Run26: 3900.0
Run27: 3290.0
Run28: 5410.0
Run29: 5230.0
Run30: 2570.0
Run31: 1260.0
Run32: 4130.0
Run33: 6850.0
Run34: 5880.0
Run35: 2030.0
Run36: 5700.0
Run37: 4180.0
Run38: 5120.0
Run39: 4450.0
Run40: 6800.0
Run41: 5310.0
Run42: 4430.0
Run43: 4550.0
Run44: 9920.0
Run45: 2300.0
Run46: 5310.0
Run47: 3110.0
Run48: 4950.0
Run49: 3870.0
-----------------------------------------------
0.95
Average score: 5057.4
Standard deviation: 1975.944940569768
Run0: 2450.0
Run1: 3200.0
Run2: 4970.0
Run3: 5620.0
Run4: 3710.0
Run5: 6380.0
Run6: 4420.0
Run7: 4980.0
Run8: 2420.0
Run9: 3250.0
Run10: 8920.0
Run11: 7660.0
Run12: 6440.0
Run13: 4860.0
Run14: 3030.0
Run15: 4950.0
Run16: 4930.0
Run17: 5120.0
Run18: 4190.0
Run19: 3950.0
Run20: 6220.0
Run21: 4180.0
Run22: 9230.0
Run23: 4070.0
Run24: 4670.0
Run25: 6390.0
Run26: 3990.0
Run27: 6390.0
Run28: 5840.0
Run29: 7170.0
Run30: 3440.0
Run31: 2380.0
Run32: 9500.0
Run33: 1910.0
Run34: 5120.0
Run35: 5390.0
Run36: 2680.0
Run37: 3840.0
Run38: 10780.0
Run39: 4270.0
Run40: 4020.0
Run41: 5060.0
Run42: 3600.0
Run43: 7520.0
Run44: 4230.0
Run45: 3840.0
Run46: 7360.0
Run47: 7090.0
Run48: 4430.0
Run49: 2810.0
-----------------------------------------------

