P_INFLUENCE_FACTOR_OF_FREEDOM_OF_CHOICE default: 0.95
Anova P value 0.18992269111135018
Set 0.95 as the best parameter value.

//////////////////////////////////////////////////

0.8
Average score: 5045.6
Standard deviation: 1576.1826269406051
Run0: 5430.0
Run1: 5560.0
Run2: 3410.0
Run3: 6260.0
Run4: 5780.0
Run5: 1980.0
Run6: 3950.0
Run7: 3770.0
Run8: 4110.0
Run9: 6710.0
Run10: 3430.0
Run11: 5320.0
Run12: 2770.0
Run13: 3530.0
Run14: 6850.0
Run15: 2300.0
Run16: 4830.0
Run17: 5310.0
Run18: 6140.0
Run19: 7820.0
Run20: 5990.0
Run21: 2420.0
Run22: 4920.0
Run23: 4430.0
Run24: 6440.0
Run25: 5640.0
Run26: 5930.0
Run27: 3920.0
Run28: 4570.0
Run29: 3740.0
Run30: 7060.0
Run31: 7940.0
Run32: 5010.0
Run33: 5340.0
Run34: 4030.0
Run35: 1530.0
Run36: 4000.0
Run37: 6090.0
Run38: 2400.0
Run39: 6270.0
Run40: 3890.0
Run41: 7360.0
Run42: 5810.0
Run43: 5100.0
Run44: 5740.0
Run45: 6680.0
Run46: 6380.0
Run47: 5090.0
Run48: 5560.0
Run49: 7740.0
-----------------------------------------------
0.85
Average score: 4538.0
Standard deviation: 1816.06212246527
Run0: 3370.0
Run1: 6660.0
Run2: 3230.0
Run3: 3300.0
Run4: 6180.0
Run5: 4330.0
Run6: 2390.0
Run7: 3110.0
Run8: 6320.0
Run9: 5990.0
Run10: 6310.0
Run11: 10900.0
Run12: 2410.0
Run13: 6030.0
Run14: 5540.0
Run15: 5540.0
Run16: 5690.0
Run17: 3430.0
Run18: 5420.0
Run19: 5970.0
Run20: 2920.0
Run21: 5660.0
Run22: 3320.0
Run23: 2470.0
Run24: 2070.0
Run25: 3980.0
Run26: 1960.0
Run27: 8880.0
Run28: 3900.0
Run29: 5180.0
Run30: 3160.0
Run31: 3130.0
Run32: 4380.0
Run33: 2720.0
Run34: 4180.0
Run35: 3710.0
Run36: 4800.0
Run37: 3320.0
Run38: 4190.0
Run39: 3760.0
Run40: 2480.0
Run41: 3260.0
Run42: 5360.0
Run43: 4920.0
Run44: 2810.0
Run45: 8080.0
Run46: 4630.0
Run47: 3570.0
Run48: 6070.0
Run49: 5910.0
-----------------------------------------------
0.9
Average score: 4828.6
Standard deviation: 2174.259442304202
Run0: 8070.0
Run1: 5070.0
Run2: 4230.0
Run3: 3930.0
Run4: 2470.0
Run5: 2000.0
Run6: 1560.0
Run7: 5400.0
Run8: 5980.0
Run9: 3770.0
Run10: 4190.0
Run11: 2000.0
Run12: 3960.0
Run13: 4780.0
Run14: 6410.0
Run15: 4880.0
Run16: 7730.0
Run17: 2330.0
Run18: 2800.0
Run19: 3240.0
Run20: 6100.0
Run21: 3320.0
Run22: 8730.0
Run23: 1700.0
Run24: 6260.0
Run25: 4250.0
Run26: 7870.0
Run27: 5060.0
Run28: 2460.0
Run29: 8620.0
Run30: 4910.0
Run31: 4270.0
Run32: 4230.0
Run33: 5000.0
Run34: 4480.0
Run35: 7490.0
Run36: 7560.0
Run37: 5840.0
Run38: 11000.0
Run39: 5760.0
Run40: 8070.0
Run41: 6830.0
Run42: 3550.0
Run43: 2790.0
Run44: 1190.0
Run45: 3400.0
Run46: 3870.0
Run47: 2290.0
Run48: 5590.0
Run49: 4140.0
-----------------------------------------------
0.95
Average score: 5412.4
Standard deviation: 2534.819206208455
Run0: 4980.0
Run1: 7820.0
Run2: 8560.0
Run3: 3230.0
Run4: 10340.0
Run5: 6480.0
Run6: 3610.0
Run7: 3690.0
Run8: 8380.0
Run9: 7750.0
Run10: 4020.0
Run11: 6210.0
Run12: 5330.0
Run13: 9990.0
Run14: 1500.0
Run15: 4860.0
Run16: 2290.0
Run17: 3670.0
Run18: 7440.0
Run19: 6950.0
Run20: 6060.0
Run21: 7660.0
Run22: 4080.0
Run23: 11270.0
Run24: 2570.0
Run25: 6570.0
Run26: 3100.0
Run27: 4610.0
Run28: 5870.0
Run29: 4820.0
Run30: 4280.0
Run31: 6090.0
Run32: 6550.0
Run33: 4900.0
Run34: 3250.0
Run35: 4560.0
Run36: 6040.0
Run37: 2360.0
Run38: 4180.0
Run39: 7480.0
Run40: 3330.0
Run41: 5360.0
Run42: 13990.0
Run43: 2590.0
Run44: 2700.0
Run45: 4580.0
Run46: 3920.0
Run47: 3060.0
Run48: 4720.0
Run49: 2970.0
-----------------------------------------------

