P_INFLUENCE_FACTOR_OF_PILL default: 0.95
Anova P value 0.9010950187609628
Set 0.95 as the best parameter value.

//////////////////////////////////////////////////

0.8
Average score: 4997.0
Standard deviation: 1909.3243275449831
Run0: 3280.0
Run1: 4050.0
Run2: 3520.0
Run3: 3960.0
Run4: 6070.0
Run5: 6450.0
Run6: 4010.0
Run7: 4040.0
Run8: 3540.0
Run9: 6170.0
Run10: 2370.0
Run11: 2260.0
Run12: 2750.0
Run13: 4930.0
Run14: 4270.0
Run15: 5910.0
Run16: 5980.0
Run17: 4330.0
Run18: 4790.0
Run19: 6010.0
Run20: 3470.0
Run21: 7570.0
Run22: 5780.0
Run23: 7410.0
Run24: 5190.0
Run25: 4860.0
Run26: 6760.0
Run27: 9710.0
Run28: 4040.0
Run29: 4300.0
Run30: 2120.0
Run31: 5630.0
Run32: 7280.0
Run33: 5070.0
Run34: 4950.0
Run35: 2490.0
Run36: 8720.0
Run37: 7710.0
Run38: 3850.0
Run39: 7820.0
Run40: 2220.0
Run41: 2400.0
Run42: 6240.0
Run43: 5390.0
Run44: 5960.0
Run45: 3830.0
Run46: 3470.0
Run47: 5710.0
Run48: 2090.0
Run49: 9120.0
-----------------------------------------------
0.85
Average score: 5030.4
Standard deviation: 1835.9148973207007
Run0: 7850.0
Run1: 3490.0
Run2: 7680.0
Run3: 8520.0
Run4: 6950.0
Run5: 3500.0
Run6: 5980.0
Run7: 4720.0
Run8: 2380.0
Run9: 3070.0
Run10: 6240.0
Run11: 6080.0
Run12: 4160.0
Run13: 4120.0
Run14: 6770.0
Run15: 4220.0
Run16: 4980.0
Run17: 5040.0
Run18: 2040.0
Run19: 4470.0
Run20: 3200.0
Run21: 4590.0
Run22: 7390.0
Run23: 3730.0
Run24: 7570.0
Run25: 3520.0
Run26: 7730.0
Run27: 4750.0
Run28: 7660.0
Run29: 6130.0
Run30: 4490.0
Run31: 5380.0
Run32: 4780.0
Run33: 4550.0
Run34: 7200.0
Run35: 4110.0
Run36: 3540.0
Run37: 9410.0
Run38: 3650.0
Run39: 3220.0
Run40: 3980.0
Run41: 1950.0
Run42: 5850.0
Run43: 7080.0
Run44: 4010.0
Run45: 3550.0
Run46: 3590.0
Run47: 3560.0
Run48: 6710.0
Run49: 2380.0
-----------------------------------------------
0.9
Average score: 4767.4
Standard deviation: 2118.3780954074364
Run0: 3960.0
Run1: 4360.0
Run2: 7780.0
Run3: 5440.0
Run4: 2960.0
Run5: 8440.0
Run6: 4340.0
Run7: 4970.0
Run8: 4060.0
Run9: 4630.0
Run10: 2880.0
Run11: 8560.0
Run12: 2100.0
Run13: 2810.0
Run14: 3830.0
Run15: 5610.0
Run16: 5260.0
Run17: 6580.0
Run18: 6830.0
Run19: 6740.0
Run20: 4710.0
Run21: 2960.0
Run22: 2580.0
Run23: 2940.0
Run24: 2860.0
Run25: 3450.0
Run26: 3880.0
Run27: 9120.0
Run28: 5260.0
Run29: 6200.0
Run30: 12930.0
Run31: 2060.0
Run32: 4180.0
Run33: 5100.0
Run34: 8110.0
Run35: 4890.0
Run36: 3160.0
Run37: 4440.0
Run38: 1530.0
Run39: 3370.0
Run40: 4800.0
Run41: 4300.0
Run42: 4030.0
Run43: 3330.0
Run44: 5370.0
Run45: 3970.0
Run46: 5270.0
Run47: 2860.0
Run48: 3240.0
Run49: 5330.0
-----------------------------------------------
0.95
Average score: 4933.8
Standard deviation: 1631.3934071766964
Run0: 6520.0
Run1: 4840.0
Run2: 5050.0
Run3: 5900.0
Run4: 3210.0
Run5: 5000.0
Run6: 4810.0
Run7: 5170.0
Run8: 6310.0
Run9: 4320.0
Run10: 5650.0
Run11: 2960.0
Run12: 7370.0
Run13: 3670.0
Run14: 6960.0
Run15: 3620.0
Run16: 6360.0
Run17: 4130.0
Run18: 2780.0
Run19: 5160.0
Run20: 6720.0
Run21: 4060.0
Run22: 5180.0
Run23: 2060.0
Run24: 4560.0
Run25: 4980.0
Run26: 7450.0
Run27: 5920.0
Run28: 4710.0
Run29: 8160.0
Run30: 3050.0
Run31: 3560.0
Run32: 2410.0
Run33: 7120.0
Run34: 5180.0
Run35: 4180.0
Run36: 3670.0
Run37: 2470.0
Run38: 9320.0
Run39: 6160.0
Run40: 4280.0
Run41: 3100.0
Run42: 7160.0
Run43: 5710.0
Run44: 5390.0
Run45: 2320.0
Run46: 3830.0
Run47: 5160.0
Run48: 3360.0
Run49: 5670.0
-----------------------------------------------

