P_INFLUENCE_OF_PILL default: 4.0
Anova P value 0.23888005113266209
Set 4.0 as the best parameter value.

//////////////////////////////////////////////////

2.0
Average score: 5230.2
Standard deviation: 2410.8170263821094
Run0: 2320.0
Run1: 6710.0
Run2: 7790.0
Run3: 5750.0
Run4: 4130.0
Run5: 4110.0
Run6: 5970.0
Run7: 4770.0
Run8: 4630.0
Run9: 4810.0
Run10: 5000.0
Run11: 2480.0
Run12: 5940.0
Run13: 7300.0
Run14: 5980.0
Run15: 5130.0
Run16: 4080.0
Run17: 6120.0
Run18: 4250.0
Run19: 6010.0
Run20: 7360.0
Run21: 2120.0
Run22: 6670.0
Run23: 8720.0
Run24: 8130.0
Run25: 5170.0
Run26: 8080.0
Run27: 2750.0
Run28: 1840.0
Run29: 2560.0
Run30: 6030.0
Run31: 5010.0
Run32: 2020.0
Run33: 6910.0
Run34: 4120.0
Run35: 2920.0
Run36: 8320.0
Run37: 7520.0
Run38: 4130.0
Run39: 3440.0
Run40: 3300.0
Run41: 3520.0
Run42: 3870.0
Run43: 4620.0
Run44: 4140.0
Run45: 4590.0
Run46: 5300.0
Run47: 4800.0
Run48: 16410.0
Run49: 3860.0
-----------------------------------------------
4.0
Average score: 4614.6
Standard deviation: 1652.471507056219
Run0: 5530.0
Run1: 5080.0
Run2: 2450.0
Run3: 4110.0
Run4: 6660.0
Run5: 3410.0
Run6: 5670.0
Run7: 2160.0
Run8: 2310.0
Run9: 2990.0
Run10: 4510.0
Run11: 6380.0
Run12: 6180.0
Run13: 2380.0
Run14: 5170.0
Run15: 4260.0
Run16: 3620.0
Run17: 7180.0
Run18: 4310.0
Run19: 4270.0
Run20: 2560.0
Run21: 1640.0
Run22: 6290.0
Run23: 6970.0
Run24: 3770.0
Run25: 2460.0
Run26: 2860.0
Run27: 4720.0
Run28: 2210.0
Run29: 5270.0
Run30: 4170.0
Run31: 4550.0
Run32: 6610.0
Run33: 4190.0
Run34: 2660.0
Run35: 5580.0
Run36: 3810.0
Run37: 7300.0
Run38: 4870.0
Run39: 7600.0
Run40: 6860.0
Run41: 4630.0
Run42: 4540.0
Run43: 4910.0
Run44: 3800.0
Run45: 2930.0
Run46: 6240.0
Run47: 3690.0
Run48: 6610.0
Run49: 7800.0
-----------------------------------------------
6.0
Average score: 5404.4
Standard deviation: 2414.57746335267
Run0: 4260.0
Run1: 3180.0
Run2: 5350.0
Run3: 6700.0
Run4: 5210.0
Run5: 3850.0
Run6: 1660.0
Run7: 9500.0
Run8: 2890.0
Run9: 6260.0
Run10: 4780.0
Run11: 9680.0
Run12: 3010.0
Run13: 7440.0
Run14: 4230.0
Run15: 3010.0
Run16: 7580.0
Run17: 5570.0
Run18: 3890.0
Run19: 6640.0
Run20: 5590.0
Run21: 8770.0
Run22: 8850.0
Run23: 5980.0
Run24: 4100.0
Run25: 6460.0
Run26: 5870.0
Run27: 3730.0
Run28: 3440.0
Run29: 5560.0
Run30: 3960.0
Run31: 8420.0
Run32: 4200.0
Run33: 5670.0
Run34: 4910.0
Run35: 3240.0
Run36: 15680.0
Run37: 5440.0
Run38: 2600.0
Run39: 7160.0
Run40: 3760.0
Run41: 4010.0
Run42: 5020.0
Run43: 5820.0
Run44: 4410.0
Run45: 2600.0
Run46: 7880.0
Run47: 4730.0
Run48: 4290.0
Run49: 3380.0
-----------------------------------------------
8.0
Average score: 4954.8
Standard deviation: 1550.0720720571126
Run0: 2500.0
Run1: 6040.0
Run2: 3950.0
Run3: 5660.0
Run4: 8320.0
Run5: 5920.0
Run6: 5280.0
Run7: 5280.0
Run8: 5660.0
Run9: 5310.0
Run10: 4020.0
Run11: 7450.0
Run12: 6860.0
Run13: 3900.0
Run14: 6480.0
Run15: 2670.0
Run16: 5810.0
Run17: 7320.0
Run18: 4030.0
Run19: 4640.0
Run20: 4660.0
Run21: 5280.0
Run22: 5650.0
Run23: 6540.0
Run24: 4850.0
Run25: 8000.0
Run26: 3820.0
Run27: 3630.0
Run28: 4020.0
Run29: 1980.0
Run30: 4370.0
Run31: 5120.0
Run32: 5480.0
Run33: 4380.0
Run34: 2430.0
Run35: 7300.0
Run36: 4820.0
Run37: 3920.0
Run38: 3440.0
Run39: 2020.0
Run40: 2880.0
Run41: 3600.0
Run42: 7420.0
Run43: 6670.0
Run44: 5620.0
Run45: 3900.0
Run46: 3680.0
Run47: 5260.0
Run48: 4340.0
Run49: 5560.0
-----------------------------------------------

