P_INFLUENCE_FACTOR_OF_GHOST default: 0.95
Anova P value 0.8622208714049241
Set 0.95 as the best parameter value.

//////////////////////////////////////////////////

0.8
Average score: 5297.2
Standard deviation: 2045.8998718691705
Run0: 7550.0
Run1: 5330.0
Run2: 7720.0
Run3: 4990.0
Run4: 6700.0
Run5: 3480.0
Run6: 5030.0
Run7: 3260.0
Run8: 8040.0
Run9: 12000.0
Run10: 6990.0
Run11: 5880.0
Run12: 2730.0
Run13: 5850.0
Run14: 6000.0
Run15: 2430.0
Run16: 5020.0
Run17: 3220.0
Run18: 3200.0
Run19: 2110.0
Run20: 3460.0
Run21: 3840.0
Run22: 4440.0
Run23: 5630.0
Run24: 5710.0
Run25: 600.0
Run26: 8610.0
Run27: 6630.0
Run28: 5110.0
Run29: 6780.0
Run30: 4250.0
Run31: 3280.0
Run32: 5820.0
Run33: 3010.0
Run34: 6210.0
Run35: 6890.0
Run36: 4180.0
Run37: 8500.0
Run38: 6980.0
Run39: 6860.0
Run40: 3970.0
Run41: 3170.0
Run42: 5090.0
Run43: 5070.0
Run44: 7160.0
Run45: 5040.0
Run46: 7920.0
Run47: 4100.0
Run48: 4010.0
Run49: 5010.0
-----------------------------------------------
0.85
Average score: 5399.0
Standard deviation: 2263.754556898241
Run0: 5650.0
Run1: 4920.0
Run2: 6310.0
Run3: 3730.0
Run4: 3110.0
Run5: 4250.0
Run6: 3730.0
Run7: 4400.0
Run8: 6350.0
Run9: 4070.0
Run10: 8610.0
Run11: 2670.0
Run12: 4740.0
Run13: 7850.0
Run14: 4300.0
Run15: 4350.0
Run16: 3100.0
Run17: 3640.0
Run18: 7060.0
Run19: 11830.0
Run20: 6210.0
Run21: 8750.0
Run22: 10130.0
Run23: 7410.0
Run24: 6760.0
Run25: 5520.0
Run26: 5110.0
Run27: 4550.0
Run28: 4110.0
Run29: 5460.0
Run30: 5100.0
Run31: 9450.0
Run32: 4260.0
Run33: 5210.0
Run34: 5390.0
Run35: 2540.0
Run36: 5490.0
Run37: 4560.0
Run38: 1480.0
Run39: 4180.0
Run40: 3950.0
Run41: 11760.0
Run42: 6720.0
Run43: 4380.0
Run44: 3620.0
Run45: 2220.0
Run46: 3670.0
Run47: 7870.0
Run48: 4320.0
Run49: 5100.0
-----------------------------------------------
0.9
Average score: 5644.0
Standard deviation: 2410.353517978774
Run0: 7970.0
Run1: 12340.0
Run2: 4370.0
Run3: 2890.0
Run4: 6670.0
Run5: 3070.0
Run6: 4040.0
Run7: 4050.0
Run8: 5920.0
Run9: 7670.0
Run10: 6670.0
Run11: 11020.0
Run12: 6240.0
Run13: 3860.0
Run14: 3720.0
Run15: 6830.0
Run16: 2370.0
Run17: 6870.0
Run18: 3480.0
Run19: 5920.0
Run20: 5580.0
Run21: 5540.0
Run22: 4350.0
Run23: 6340.0
Run24: 6040.0
Run25: 5040.0
Run26: 6850.0
Run27: 3310.0
Run28: 1690.0
Run29: 8480.0
Run30: 6190.0
Run31: 5040.0
Run32: 4850.0
Run33: 3830.0
Run34: 6640.0
Run35: 3910.0
Run36: 9350.0
Run37: 4280.0
Run38: 5600.0
Run39: 4780.0
Run40: 5880.0
Run41: 3030.0
Run42: 4970.0
Run43: 5850.0
Run44: 10540.0
Run45: 1930.0
Run46: 3430.0
Run47: 6650.0
Run48: 4190.0
Run49: 12070.0
-----------------------------------------------
0.95
Average score: 5443.0
Standard deviation: 1385.9973937602495
Run0: 3350.0
Run1: 5350.0
Run2: 3920.0
Run3: 7570.0
Run4: 5350.0
Run5: 5210.0
Run6: 4760.0
Run7: 5530.0
Run8: 5180.0
Run9: 5000.0
Run10: 6130.0
Run11: 5800.0
Run12: 7340.0
Run13: 5400.0
Run14: 2600.0
Run15: 5790.0
Run16: 5180.0
Run17: 6230.0
Run18: 4430.0
Run19: 6490.0
Run20: 5130.0
Run21: 3230.0
Run22: 7020.0
Run23: 5950.0
Run24: 5470.0
Run25: 6760.0
Run26: 6250.0
Run27: 5050.0
Run28: 5850.0
Run29: 8180.0
Run30: 7700.0
Run31: 6900.0
Run32: 4020.0
Run33: 7110.0
Run34: 3380.0
Run35: 4990.0
Run36: 4570.0
Run37: 3200.0
Run38: 6050.0
Run39: 4750.0
Run40: 4100.0
Run41: 7300.0
Run42: 2190.0
Run43: 7890.0
Run44: 6240.0
Run45: 4240.0
Run46: 4780.0
Run47: 6640.0
Run48: 5320.0
Run49: 5280.0
-----------------------------------------------

