P_INFLUENCE_FACTOR_OF_EDIBLE_GHOST default: 0.95
Anova P value 0.26253070057341965
Set 0.95 as the best parameter value.

//////////////////////////////////////////////////

0.8
Average score: 4292.4
Standard deviation: 2111.812800918313
Run0: 3980.0
Run1: 3370.0
Run2: 4310.0
Run3: 2160.0
Run4: 5180.0
Run5: 1800.0
Run6: 7010.0
Run7: 4640.0
Run8: 3490.0
Run9: 3550.0
Run10: 6900.0
Run11: 2650.0
Run12: 3720.0
Run13: 1400.0
Run14: 4280.0
Run15: 7970.0
Run16: 3680.0
Run17: 2970.0
Run18: 4780.0
Run19: 3680.0
Run20: 1790.0
Run21: 3010.0
Run22: 2320.0
Run23: 1930.0
Run24: 3350.0
Run25: 2000.0
Run26: 5660.0
Run27: 2440.0
Run28: 2860.0
Run29: 3550.0
Run30: 3530.0
Run31: 3180.0
Run32: 3380.0
Run33: 4040.0
Run34: 6630.0
Run35: 7440.0
Run36: 2640.0
Run37: 5680.0
Run38: 7570.0
Run39: 8960.0
Run40: 1400.0
Run41: 9860.0
Run42: 5450.0
Run43: 7720.0
Run44: 5440.0
Run45: 7090.0
Run46: 1720.0
Run47: 1910.0
Run48: 5700.0
Run49: 4850.0
-----------------------------------------------
0.85
Average score: 4382.0
Standard deviation: 1806.8678503342264
Run0: 3530.0
Run1: 3240.0
Run2: 2150.0
Run3: 3490.0
Run4: 6900.0
Run5: 7200.0
Run6: 4320.0
Run7: 4260.0
Run8: 2070.0
Run9: 1800.0
Run10: 7210.0
Run11: 5250.0
Run12: 3970.0
Run13: 3140.0
Run14: 2090.0
Run15: 5910.0
Run16: 3980.0
Run17: 4780.0
Run18: 8850.0
Run19: 4000.0
Run20: 1730.0
Run21: 6650.0
Run22: 3360.0
Run23: 3530.0
Run24: 2510.0
Run25: 3000.0
Run26: 1780.0
Run27: 4210.0
Run28: 6040.0
Run29: 5210.0
Run30: 4080.0
Run31: 5120.0
Run32: 7500.0
Run33: 4640.0
Run34: 4500.0
Run35: 1830.0
Run36: 4780.0
Run37: 2540.0
Run38: 6720.0
Run39: 5300.0
Run40: 7120.0
Run41: 4940.0
Run42: 2820.0
Run43: 6240.0
Run44: 3200.0
Run45: 3700.0
Run46: 5470.0
Run47: 1400.0
Run48: 6690.0
Run49: 4350.0
-----------------------------------------------
0.9
Average score: 4666.4
Standard deviation: 1785.156209937257
Run0: 4940.0
Run1: 6670.0
Run2: 4350.0
Run3: 2230.0
Run4: 7020.0
Run5: 4280.0
Run6: 8090.0
Run7: 2750.0
Run8: 3750.0
Run9: 7440.0
Run10: 4870.0
Run11: 2470.0
Run12: 4860.0
Run13: 9130.0
Run14: 3420.0
Run15: 3510.0
Run16: 4340.0
Run17: 2580.0
Run18: 6590.0
Run19: 2580.0
Run20: 3880.0
Run21: 7160.0
Run22: 4700.0
Run23: 4170.0
Run24: 3070.0
Run25: 7450.0
Run26: 2030.0
Run27: 6680.0
Run28: 6060.0
Run29: 2440.0
Run30: 3270.0
Run31: 3010.0
Run32: 5440.0
Run33: 4170.0
Run34: 4200.0
Run35: 6100.0
Run36: 6240.0
Run37: 3470.0
Run38: 4660.0
Run39: 7300.0
Run40: 3040.0
Run41: 3590.0
Run42: 2750.0
Run43: 3880.0
Run44: 5950.0
Run45: 3880.0
Run46: 3010.0
Run47: 7130.0
Run48: 5560.0
Run49: 3160.0
-----------------------------------------------
0.95
Average score: 4986.4
Standard deviation: 1933.7451871897683
Run0: 3300.0
Run1: 6440.0
Run2: 6570.0
Run3: 2790.0
Run4: 5110.0
Run5: 1550.0
Run6: 3310.0
Run7: 5220.0
Run8: 3730.0
Run9: 3360.0
Run10: 6320.0
Run11: 3530.0
Run12: 7370.0
Run13: 4900.0
Run14: 3240.0
Run15: 5140.0
Run16: 3390.0
Run17: 2380.0
Run18: 3160.0
Run19: 5260.0
Run20: 4970.0
Run21: 6470.0
Run22: 4000.0
Run23: 2480.0
Run24: 7520.0
Run25: 3070.0
Run26: 4710.0
Run27: 5650.0
Run28: 7010.0
Run29: 3740.0
Run30: 6260.0
Run31: 5190.0
Run32: 5530.0
Run33: 8270.0
Run34: 3960.0
Run35: 4290.0
Run36: 5980.0
Run37: 2090.0
Run38: 4780.0
Run39: 5600.0
Run40: 9240.0
Run41: 9210.0
Run42: 4650.0
Run43: 2820.0
Run44: 4320.0
Run45: 8460.0
Run46: 5860.0
Run47: 8950.0
Run48: 2430.0
Run49: 5740.0
-----------------------------------------------

