G_POWER_PILL_THRESHOLD default: 0.85
Anova P value 2.9473670439816857E-6
Set 0.85 as the best parameter value.

//////////////////////////////////////////////////

0.8
Average score: 2460.2
Standard deviation: 1055.1457777221578
Run0: 1710.0
Run1: 1820.0
Run2: 1800.0
Run3: 3410.0
Run4: 1710.0
Run5: 2970.0
Run6: 6670.0
Run7: 2100.0
Run8: 2950.0
Run9: 3520.0
Run10: 1790.0
Run11: 1710.0
Run12: 3470.0
Run13: 2120.0
Run14: 1710.0
Run15: 1710.0
Run16: 1710.0
Run17: 2940.0
Run18: 1710.0
Run19: 1710.0
Run20: 2790.0
Run21: 1710.0
Run22: 1670.0
Run23: 2940.0
Run24: 3910.0
Run25: 2180.0
Run26: 4650.0
Run27: 4480.0
Run28: 1410.0
Run29: 2260.0
Run30: 1710.0
Run31: 1710.0
Run32: 2860.0
Run33: 4140.0
Run34: 1710.0
Run35: 1710.0
Run36: 1710.0
Run37: 1710.0
Run38: 1710.0
Run39: 1800.0
Run40: 1700.0
Run41: 1710.0
Run42: 2740.0
Run43: 2470.0
Run44: 1710.0
Run45: 3220.0
Run46: 2370.0
Run47: 3710.0
Run48: 3660.0
Run49: 1710.0
-----------------------------------------------
0.85
Average score: 2441.8
Standard deviation: 1255.7032178936915
Run0: 4450.0
Run1: 1450.0
Run2: 1380.0
Run3: 1380.0
Run4: 4350.0
Run5: 4370.0
Run6: 1840.0
Run7: 1910.0
Run8: 1380.0
Run9: 1380.0
Run10: 1590.0
Run11: 3680.0
Run12: 3230.0
Run13: 1380.0
Run14: 1990.0
Run15: 1380.0
Run16: 5030.0
Run17: 1710.0
Run18: 1380.0
Run19: 4160.0
Run20: 1380.0
Run21: 2300.0
Run22: 1380.0
Run23: 1400.0
Run24: 1490.0
Run25: 1920.0
Run26: 2550.0
Run27: 1380.0
Run28: 1380.0
Run29: 2050.0
Run30: 3870.0
Run31: 1380.0
Run32: 1380.0
Run33: 2950.0
Run34: 2440.0
Run35: 2390.0
Run36: 2250.0
Run37: 1380.0
Run38: 2990.0
Run39: 4990.0
Run40: 1380.0
Run41: 2490.0
Run42: 3790.0
Run43: 3400.0
Run44: 1380.0
Run45: 6260.0
Run46: 3700.0
Run47: 1480.0
Run48: 3580.0
Run49: 1960.0
-----------------------------------------------
0.9
Average score: 3057.6
Standard deviation: 714.9041893848439
Run0: 3130.0
Run1: 2380.0
Run2: 2880.0
Run3: 3650.0
Run4: 2880.0
Run5: 2880.0
Run6: 5150.0
Run7: 2880.0
Run8: 2110.0
Run9: 2190.0
Run10: 4740.0
Run11: 2880.0
Run12: 2070.0
Run13: 2100.0
Run14: 4520.0
Run15: 3020.0
Run16: 2910.0
Run17: 2840.0
Run18: 3540.0
Run19: 3010.0
Run20: 2940.0
Run21: 4890.0
Run22: 2990.0
Run23: 2580.0
Run24: 2880.0
Run25: 2050.0
Run26: 3650.0
Run27: 3380.0
Run28: 2140.0
Run29: 2880.0
Run30: 2790.0
Run31: 2970.0
Run32: 3380.0
Run33: 3330.0
Run34: 3980.0
Run35: 2510.0
Run36: 3560.0
Run37: 2880.0
Run38: 2880.0
Run39: 2920.0
Run40: 3290.0
Run41: 1990.0
Run42: 3150.0
Run43: 2010.0
Run44: 3050.0
Run45: 3010.0
Run46: 3780.0
Run47: 3530.0
Run48: 2740.0
Run49: 2990.0
-----------------------------------------------
0.95
Average score: 3381.0
Standard deviation: 1005.6924713543278
Run0: 2880.0
Run1: 3650.0
Run2: 4310.0
Run3: 3530.0
Run4: 3050.0
Run5: 2880.0
Run6: 3690.0
Run7: 1650.0
Run8: 2860.0
Run9: 4400.0
Run10: 2970.0
Run11: 3530.0
Run12: 2880.0
Run13: 3060.0
Run14: 3190.0
Run15: 6600.0
Run16: 4280.0
Run17: 3300.0
Run18: 5610.0
Run19: 3460.0
Run20: 2880.0
Run21: 4910.0
Run22: 1970.0
Run23: 3440.0
Run24: 2880.0
Run25: 2970.0
Run26: 2910.0
Run27: 2150.0
Run28: 3940.0
Run29: 3730.0
Run30: 2900.0
Run31: 4140.0
Run32: 2880.0
Run33: 3650.0
Run34: 2880.0
Run35: 2880.0
Run36: 4240.0
Run37: 2990.0
Run38: 2020.0
Run39: 3000.0
Run40: 2390.0
Run41: 3130.0
Run42: 2880.0
Run43: 2970.0
Run44: 2880.0
Run45: 6580.0
Run46: 3590.0
Run47: 2100.0
Run48: 4510.0
Run49: 2880.0
-----------------------------------------------

