G_INFLUENCE_FACTOR_OF_PACMAN default: 0.95
Anova P value 3.4416913763379853E-15
Set 0.9 as the best parameter value.

//////////////////////////////////////////////////

0.8
Average score: 3913.6
Standard deviation: 906.0561770212528
Run0: 4360.0
Run1: 4050.0
Run2: 4050.0
Run3: 4070.0
Run4: 2550.0
Run5: 5060.0
Run6: 4050.0
Run7: 2010.0
Run8: 4160.0
Run9: 4000.0
Run10: 4050.0
Run11: 4850.0
Run12: 3150.0
Run13: 4090.0
Run14: 4100.0
Run15: 3170.0
Run16: 5630.0
Run17: 4150.0
Run18: 4050.0
Run19: 5390.0
Run20: 4510.0
Run21: 4660.0
Run22: 3580.0
Run23: 4050.0
Run24: 2580.0
Run25: 4050.0
Run26: 4220.0
Run27: 1710.0
Run28: 4850.0
Run29: 4050.0
Run30: 4180.0
Run31: 4090.0
Run32: 4150.0
Run33: 4050.0
Run34: 5040.0
Run35: 4900.0
Run36: 4000.0
Run37: 3230.0
Run38: 5430.0
Run39: 3420.0
Run40: 3930.0
Run41: 4050.0
Run42: 3700.0
Run43: 2530.0
Run44: 2060.0
Run45: 3170.0
Run46: 3650.0
Run47: 2030.0
Run48: 5300.0
Run49: 3520.0
-----------------------------------------------
0.85
Average score: 2621.2
Standard deviation: 1045.9594560371208
Run0: 2180.0
Run1: 4930.0
Run2: 3530.0
Run3: 2210.0
Run4: 1760.0
Run5: 3270.0
Run6: 2080.0
Run7: 2680.0
Run8: 2320.0
Run9: 1870.0
Run10: 3050.0
Run11: 2740.0
Run12: 1660.0
Run13: 5130.0
Run14: 3740.0
Run15: 1660.0
Run16: 2310.0
Run17: 1660.0
Run18: 1660.0
Run19: 4000.0
Run20: 2960.0
Run21: 1970.0
Run22: 1600.0
Run23: 1660.0
Run24: 3440.0
Run25: 1950.0
Run26: 1660.0
Run27: 2110.0
Run28: 2430.0
Run29: 1680.0
Run30: 1770.0
Run31: 2240.0
Run32: 2140.0
Run33: 1660.0
Run34: 2370.0
Run35: 1660.0
Run36: 1930.0
Run37: 3740.0
Run38: 1660.0
Run39: 3290.0
Run40: 4890.0
Run41: 4700.0
Run42: 2190.0
Run43: 1660.0
Run44: 3380.0
Run45: 2500.0
Run46: 5220.0
Run47: 3090.0
Run48: 3410.0
Run49: 1660.0
-----------------------------------------------
0.9
Average score: 2285.4
Standard deviation: 937.6636401401172
Run0: 1660.0
Run1: 2910.0
Run2: 2240.0
Run3: 1660.0
Run4: 2950.0
Run5: 3230.0
Run6: 1590.0
Run7: 1720.0
Run8: 1660.0
Run9: 5030.0
Run10: 1660.0
Run11: 4940.0
Run12: 2960.0
Run13: 2990.0
Run14: 1960.0
Run15: 2240.0
Run16: 1770.0
Run17: 1660.0
Run18: 1660.0
Run19: 1870.0
Run20: 1610.0
Run21: 1660.0
Run22: 1660.0
Run23: 1640.0
Run24: 1690.0
Run25: 1660.0
Run26: 4760.0
Run27: 1720.0
Run28: 3420.0
Run29: 1660.0
Run30: 1710.0
Run31: 2960.0
Run32: 1660.0
Run33: 3010.0
Run34: 1820.0
Run35: 1660.0
Run36: 1660.0
Run37: 1660.0
Run38: 1660.0
Run39: 3320.0
Run40: 3430.0
Run41: 2890.0
Run42: 1660.0
Run43: 1660.0
Run44: 4050.0
Run45: 1660.0
Run46: 1660.0
Run47: 2710.0
Run48: 1660.0
Run49: 1930.0
-----------------------------------------------
0.95
Average score: 2347.4
Standard deviation: 1152.3937996135496
Run0: 1910.0
Run1: 1380.0
Run2: 1400.0
Run3: 1690.0
Run4: 1380.0
Run5: 5550.0
Run6: 2380.0
Run7: 1380.0
Run8: 4620.0
Run9: 1410.0
Run10: 2890.0
Run11: 3130.0
Run12: 4910.0
Run13: 3360.0
Run14: 3260.0
Run15: 1410.0
Run16: 1470.0
Run17: 2070.0
Run18: 1920.0
Run19: 3500.0
Run20: 1350.0
Run21: 1380.0
Run22: 3310.0
Run23: 4330.0
Run24: 1660.0
Run25: 1380.0
Run26: 4960.0
Run27: 1380.0
Run28: 4400.0
Run29: 2820.0
Run30: 1710.0
Run31: 2270.0
Run32: 2710.0
Run33: 1380.0
Run34: 1380.0
Run35: 1380.0
Run36: 1380.0
Run37: 3550.0
Run38: 2030.0
Run39: 1970.0
Run40: 1560.0
Run41: 1380.0
Run42: 2210.0
Run43: 1380.0
Run44: 2500.0
Run45: 2250.0
Run46: 1380.0
Run47: 3380.0
Run48: 2200.0
Run49: 1380.0
-----------------------------------------------

