G_INFLUENCE_FACTOR_OF_GHOST_WEIGHT default: 0.9
Anova P value 4.0478731477833207E-13
Set 0.9 as the best parameter value.

//////////////////////////////////////////////////

0.8
Average score: 4109.4
Standard deviation: 1214.2343014325982
Run0: 5800.0
Run1: 4010.0
Run2: 2480.0
Run3: 3980.0
Run4: 3680.0
Run5: 4630.0
Run6: 3950.0
Run7: 3500.0
Run8: 3980.0
Run9: 5440.0
Run10: 3980.0
Run11: 3980.0
Run12: 5940.0
Run13: 3940.0
Run14: 3560.0
Run15: 3980.0
Run16: 3610.0
Run17: 3980.0
Run18: 3580.0
Run19: 3660.0
Run20: 3980.0
Run21: 2480.0
Run22: 3980.0
Run23: 3820.0
Run24: 2690.0
Run25: 3980.0
Run26: 4340.0
Run27: 4940.0
Run28: 5580.0
Run29: 5310.0
Run30: 3980.0
Run31: 4910.0
Run32: 8470.0
Run33: 3930.0
Run34: 3980.0
Run35: 1710.0
Run36: 7460.0
Run37: 3980.0
Run38: 3980.0
Run39: 1830.0
Run40: 2910.0
Run41: 5880.0
Run42: 2970.0
Run43: 3680.0
Run44: 4760.0
Run45: 3980.0
Run46: 3980.0
Run47: 3490.0
Run48: 2850.0
Run49: 3980.0
-----------------------------------------------
0.85
Average score: 3198.8
Standard deviation: 804.6640571679337
Run0: 3600.0
Run1: 3550.0
Run2: 4180.0
Run3: 3110.0
Run4: 3360.0
Run5: 3360.0
Run6: 6020.0
Run7: 2130.0
Run8: 2720.0
Run9: 4390.0
Run10: 2690.0
Run11: 4030.0
Run12: 2130.0
Run13: 4430.0
Run14: 3270.0
Run15: 3130.0
Run16: 3520.0
Run17: 3130.0
Run18: 3130.0
Run19: 2980.0
Run20: 3190.0
Run21: 2820.0
Run22: 2270.0
Run23: 3130.0
Run24: 2130.0
Run25: 2580.0
Run26: 2940.0
Run27: 3130.0
Run28: 5130.0
Run29: 3130.0
Run30: 3130.0
Run31: 3040.0
Run32: 3150.0
Run33: 1970.0
Run34: 3250.0
Run35: 4090.0
Run36: 3130.0
Run37: 4100.0
Run38: 3000.0
Run39: 2110.0
Run40: 3130.0
Run41: 3170.0
Run42: 1760.0
Run43: 3480.0
Run44: 3130.0
Run45: 4090.0
Run46: 3230.0
Run47: 2980.0
Run48: 2940.0
Run49: 1750.0
-----------------------------------------------
0.9
Average score: 2456.2
Standard deviation: 1174.6382682445214
Run0: 2530.0
Run1: 1960.0
Run2: 4640.0
Run3: 3720.0
Run4: 1660.0
Run5: 1660.0
Run6: 3290.0
Run7: 2870.0
Run8: 1670.0
Run9: 2350.0
Run10: 2680.0
Run11: 3080.0
Run12: 1740.0
Run13: 1590.0
Run14: 1960.0
Run15: 3650.0
Run16: 2890.0
Run17: 1660.0
Run18: 2110.0
Run19: 2010.0
Run20: 1660.0
Run21: 1660.0
Run22: 1660.0
Run23: 1650.0
Run24: 6890.0
Run25: 1710.0
Run26: 2430.0
Run27: 4970.0
Run28: 2170.0
Run29: 3110.0
Run30: 1660.0
Run31: 1950.0
Run32: 2880.0
Run33: 1660.0
Run34: 1820.0
Run35: 1570.0
Run36: 5130.0
Run37: 1660.0
Run38: 2350.0
Run39: 3330.0
Run40: 2190.0
Run41: 1660.0
Run42: 1620.0
Run43: 1770.0
Run44: 1960.0
Run45: 1610.0
Run46: 5280.0
Run47: 1940.0
Run48: 1660.0
Run49: 1480.0
-----------------------------------------------
0.95
Average score: 2946.8
Standard deviation: 748.3681294275278
Run0: 3150.0
Run1: 2860.0
Run2: 2040.0
Run3: 1700.0
Run4: 2910.0
Run5: 2860.0
Run6: 2120.0
Run7: 3280.0
Run8: 3840.0
Run9: 2850.0
Run10: 3390.0
Run11: 2690.0
Run12: 2120.0
Run13: 4240.0
Run14: 2860.0
Run15: 1960.0
Run16: 3330.0
Run17: 2280.0
Run18: 2860.0
Run19: 2920.0
Run20: 3050.0
Run21: 2860.0
Run22: 2110.0
Run23: 2860.0
Run24: 2960.0
Run25: 1900.0
Run26: 2860.0
Run27: 2860.0
Run28: 1980.0
Run29: 3740.0
Run30: 3880.0
Run31: 3340.0
Run32: 2860.0
Run33: 3390.0
Run34: 2050.0
Run35: 2860.0
Run36: 3210.0
Run37: 3390.0
Run38: 6020.0
Run39: 4620.0
Run40: 3260.0
Run41: 2860.0
Run42: 2010.0
Run43: 2860.0
Run44: 2510.0
Run45: 2940.0
Run46: 2960.0
Run47: 2840.0
Run48: 3180.0
Run49: 2860.0
-----------------------------------------------

